# node_id module flow
309095 1 0.00455681
4162722 1 0.00433632
24126055 1 0.00422608
1118358 1 0.00422608
24130737 1 0.00396884
4138147 1 0.00396884
4168003 1 0.00396884
24101605 1 0.00393209
14105730 1 0.00389534
4168119 1 0.00385859
13401653 1 0.00385859
623539 1 0.00378509
2905540 1 0.00374835
4147332 1 0.00367485
8603820 1 0.00360135
4157800 1 0.0035646
14117908 1 0.00352786
4100107 1 0.00352786
4173708 1 0.00349111
4158814 1 0.00349111
4122356 1 0.00349111
13401319 1 0.00345436
8602883 1 0.00341761
11600454 1 0.00334411
4129199 1 0.00334411
14100010 1 0.00330736
14102560 1 0.00327062
14109603 1 0.00327062
605506 1 0.00327062
14508150 1 0.00327062
4126025 1 0.00327062
608742 1 0.00323387
13601520 1 0.00319712
12401137 1 0.00319712
5029465 1 0.00319712
4152956 1 0.00319712
2000024 1 0.00312362
4125029 1 0.00312362
4189302 1 0.00308687
2205530 1 0.00308687
4120787 1 0.00308687
4170350 1 0.00305012
2016192 1 0.00305012
4138716 1 0.00305012
4116992 1 0.00305012
13502956 1 0.00305012
8603677 1 0.00305012
4650891 1 0.00297663
2285525 1 0.00297663
4102142 1 0.00297663
4108116 1 0.00297663
4142578 1 0.00293988
4147235 1 0.00286638
5007003 1 0.00286638
1170546 1 0.00286638
14103320 1 0.00282963
2805677 1 0.00271939
310204 1 0.00271939
4118987 1 0.00271939
2020009 1 0.00268264
1610856 1 0.00268264
13300474 1 0.00268264
24116068 1 0.00268264
4140419 1 0.00264589
8602980 1 0.00264589
24109959 1 0.00260914
2209390 1 0.00260914
4113403 1 0.00260914
703303 1 0.00260914
5018471 1 0.00260914
1503014 1 0.00257239
14102951 1 0.00257239
8604436 1 0.00253565
738590 1 0.00253565
13402129 1 0.0024989
9301348 1 0.0024254
13302485 1 0.0024254
13504398 1 0.0024254
4127870 1 0.0024254
4194985 1 0.00238865
3503240 1 0.00238865
5202213 1 0.0023519
1710400 1 0.0023519
4121830 1 0.0023519
3901211 1 0.0023519
13900048 1 0.00227841
24125890 1 0.00227841
14114038 1 0.00227841
4198603 1 0.00227841
4132181 1 0.00227841
24133795 1 0.00224166
13500139 1 0.00224166
5000017 1 0.00224166
24104272 1 0.00224166
4169786 1 0.00220491
13400924 1 0.00220491
5002150 1 0.00220491
1126881 1 0.00216816
4148843 1 0.00213141
13300881 1 0.00209466
14109182 1 0.00209466
4135539 1 0.00205792
24107581 1 0.00194767
13702661 1 0.00191092
1510045 1 0.00191092
4107012 1 0.00183742
4131061 1 0.00180068
4675789 1 0.00180068
400041 1 0.00180068
13401378 1 0.00180068
4101588 1 0.00176393
24603295 1 0.00176393
316385 1 0.00172718
10601457 1 0.00172718
4657101 1 0.00172718
14112906 1 0.00172718
4122763 1 0.00169043
14107090 1 0.00169043
24112798 1 0.00161693
12401110 1 0.00161693
4197143 1 0.00158019
2900084 1 0.00154344
14109530 1 0.00154344
4119150 1 0.00154344
24131423 1 0.00150669
4150120 1 0.00150669
4151348 1 0.00150669
24105074 1 0.00146994
4182596 1 0.00146994
4160258 1 0.00146994
2257327 1 0.00146994
1202758 1 0.00143319
24175439 1 0.00143319
4123700 1 0.00139644
4135741 1 0.00135969
14113147 1 0.00135969
24104795 1 0.00132295
4199758 1 0.00132295
14200244 1 0.00132295
24651516 1 0.00124945
4114060 1 0.00124945
2801990 1 0.0012127
2107139 1 0.0012127
4151976 1 0.00117595
4171055 1 0.00117595
4174003 1 0.00117595
4153278 1 0.0011392
4115309 1 0.0011392
5004985 1 0.0011392
4115341 1 0.00110245
2806851 1 0.00106571
24176729 1 0.00106571
4146786 1 0.00106571
6300545 1 0.00102896
14120828 1 0.000992209
14603853 1 0.000992209
400025 1 0.000955461
702293 1 0.000918712
24126454 1 0.000918712
4123425 1 0.000918712
4130804 1 0.000845215
14122286 1 0.000808467
4108566 1 0.000808467
4131002 1 0.000808467
4145097 1 0.000808467
4127820 1 0.000771718
13502247 1 0.000771718
4111990 1 0.000771718
4159659 1 0.000771718
14109409 1 0.00073497
4135148 1 0.00073497
4189825 1 0.000698221
14107201 1 0.000698221
404853 1 0.000661473
4901045 1 0.000661473
4180887 1 0.000624724
4121996 1 0.000624724
4155351 1 0.000587976
4162080 1 0.000587976
4676670 1 0.000587976
24183750 1 0.000587976
618438 1 0.000587976
4169530 1 0.000587976
2802007 1 0.000551227
24105660 1 0.000551227
12100196 1 0.000551227
4186214 1 0.000514479
25059530 1 0.000514479
718939 1 0.000514479
24131920 1 0.000514479
13300032 1 0.00047773
4122160 1 0.00047773
24129100 1 0.00047773
4100115 1 0.00047773
4100018 1 0.000440982
2803828 1 0.000404233
14103052 1 0.000404233
4122488 1 0.000404233
24650684 1 0.000404233
13401033 1 0.000367485
4142527 1 0.000367485
25092340 1 0.000367485
700070 1 0.000330736
24164879 1 0.000330736
4192036 1 0.000330736
4151984 1 0.000293988
4104226 1 0.000293988
4152417 1 0.000293988
4183088 1 0.000293988
621650 1 0.000293988
24103209 1 0.000293988
24100110 1 0.000293988
4119410 1 0.000293988
24171743 1 0.000257239
14603152 1 0.000257239
4663306 1 0.000257239
24101729 1 0.000257239
4195639 1 0.000257239
4192770 1 0.000257239
4102240 1 0.000220491
5016690 1 0.000220491
4192516 1 0.000183742
4635248 1 0.000146994
24177830 1 0.000146994
24176702 1 0.000146994
4119991 1 0.000146994
24121657 1 0.000146994
4122151 1 0.000146994
4122747 1 0.000146994
4139275 1 0.000146994
2200015 1 0.000146994
4133285 1 0.000110245
24183555 1 0.000110245
24176460 1 0.000110245
4102665 1 0.000110245
24131750 1 0.000110245
24113441 1 0.000110245
2299100 1 0.000110245
4125371 1 0.000110245
4153251 1 0.000110245
4161203 1 0.000110245
4667719 1 0.000110245
4600045 1 0.000110245
35009192 1 7.3497e-05
24199443 1 7.3497e-05
4100654 1 7.3497e-05
13507443 1 7.3497e-05
4116615 1 7.3497e-05
4120027 1 7.3497e-05
4120426 1 7.3497e-05
4120680 1 7.3497e-05
6309089 1 7.3497e-05
24113409 1 7.3497e-05
4126378 1 7.3497e-05
4155840 1 7.3497e-05
4131606 1 7.3497e-05
14200155 1 7.3497e-05
4151887 1 3.67485e-05
4150104 1 3.67485e-05
5022401 1 3.67485e-05
4146182 1 3.67485e-05
14604051 1 3.67485e-05
4140664 1 3.67485e-05
5038448 1 3.67485e-05
4136730 1 3.67485e-05
4634527 1 3.67485e-05
14103109 1 3.67485e-05
5012414 1 3.67485e-05
14102595 1 3.67485e-05
2297361 1 3.67485e-05
700037 1 3.67485e-05
5078776 1 3.67485e-05
5084423 1 3.67485e-05
14117223 1 3.67485e-05
2000075 1 3.67485e-05
4120930 1 3.67485e-05
13700278 1 3.67485e-05
2500914 1 3.67485e-05
4164857 1 3.67485e-05
4167392 1 3.67485e-05
24129003 1 3.67485e-05
4120213 1 3.67485e-05
14110148 1 3.67485e-05
700231 1 3.67485e-05
13509373 1 3.67485e-05
4119142 1 3.67485e-05
4168437 1 3.67485e-05
24147338 1 3.67485e-05
4115333 1 3.67485e-05
2801604 1 3.67485e-05
4101880 1 3.67485e-05
9400346 1 3.67485e-05
10600043 1 3.67485e-05
4101219 1 3.67485e-05
10601104 1 3.67485e-05
12401153 1 3.67485e-05
4177916 1 3.67485e-05
24194697 1 3.67485e-05
13100050 1 3.67485e-05
24600881 1 3.67485e-05
4100140 1 3.67485e-05
2800101 1 3.67485e-05
3900819 1 3.67485e-05
2800802 1 3.67485e-05
2806070 1 3.67485e-05
32059566 1 3.67485e-05
12940690 1 3.67485e-05
4167570 2 0.00213141
4128125 2 0.00187417
4147103 2 0.00187417
4195752 2 0.00172718
2902257 2 0.00169043
5015197 2 0.00165368
14111330 2 0.00161693
14109336 2 0.00161693
1700030 2 0.00158019
13602640 2 0.00154344
8601283 2 0.00154344
14110911 2 0.00150669
13601903 2 0.00150669
1106619 2 0.00146994
8603006 2 0.00139644
4641833 2 0.00139644
8603642 2 0.00135969
14114550 2 0.00124945
5008123 2 0.00124945
4147855 2 0.00124945
4181751 2 0.00110245
4198026 2 0.00110245
13602993 2 0.00106571
13601458 2 0.00106571
14101513 2 0.00102896
8605114 2 0.00102896
617822 2 0.000992209
13300601 2 0.000918712
13300210 2 0.000881964
12801259 2 0.000881964
8602689 2 0.000881964
2012782 2 0.000845215
13703544 2 0.000808467
4133471 2 0.000771718
8603162 2 0.000661473
8602972 2 0.000624724
12512214 2 0.000587976
13700090 2 0.000551227
4149351 2 0.000514479
4130189 2 0.000514479
1122681 2 0.000514479
14101181 2 0.000514479
4129725 2 0.000440982
14101572 2 0.000440982
13900145 2 0.000440982
4116704 2 0.000440982
8604002 2 0.000404233
1122320 2 0.000404233
8608466 2 0.000404233
8600546 2 0.000404233
24171760 2 0.000367485
13602446 2 0.000330736
13600320 2 0.000293988
12400149 2 0.000293988
12802859 2 0.000183742
4900758 2 0.000146994
13903063 2 0.000146994
2219026 2 0.000146994
14100126 2 0.000110245
4182146 2 7.3497e-05
13602888 2 7.3497e-05
5029295 2 7.3497e-05
4134974 2 7.3497e-05
4132190 2 7.3497e-05
14203626 2 7.3497e-05
13403729 2 3.67485e-05
7101937 2 3.67485e-05
4100123 2 3.67485e-05
13604040 2 3.67485e-05
8608059 2 3.67485e-05
8604070 2 3.67485e-05
1108166 2 3.67485e-05
908550 2 3.67485e-05
623725 2 3.67485e-05
2047640 3 0.00227841
2040506 3 0.00224166
2004887 3 0.00213141
3503739 3 0.00176393
2021285 3 0.00169043
2023970 3 0.00132295
13300580 3 0.0012862
24107131 3 0.00117595
2034387 3 0.00117595
25006711 3 0.000992209
2606771 3 0.000992209
2801914 3 0.000955461
2008572 3 0.000955461
2061074 3 0.000955461
14118084 3 0.000918712
13501470 3 0.000918712
2056437 3 0.000881964
2047896 3 0.000881964
3504409 3 0.000845215
114987 3 0.000808467
14116804 3 0.000808467
13402935 3 0.000808467
14403803 3 0.000771718
14200937 3 0.00073497
13504037 3 0.00073497
722340 3 0.000698221
722960 3 0.000698221
14101025 3 0.000698221
2026961 3 0.000624724
1211668 3 0.000624724
2037602 3 0.000587976
6500617 3 0.000551227
5018293 3 0.000551227
5018137 3 0.000551227
13602926 3 0.00047773
2069342 3 0.00047773
24604747 3 0.000440982
12501255 3 0.000440982
2034255 3 0.000404233
2604493 3 0.000367485
2805642 3 0.000367485
2017199 3 0.000330736
6300529 3 0.000330736
2809060 3 0.000330736
3504387 3 0.000293988
2029111 3 0.000293988
2059630 3 0.000293988
3702308 3 0.000293988
2000261 3 0.000293988
2613280 3 0.000257239
2606577 3 0.000257239
1104306 3 0.000257239
3506690 3 0.000257239
14117207 3 0.000220491
14115433 3 0.000220491
2811154 3 0.000220491
3501728 3 0.000220491
1136720 3 0.000220491
5201268 3 0.000220491
4170083 3 0.000220491
13601733 3 0.000183742
2070901 3 0.000183742
2019353 3 0.000146994
2030012 3 0.000146994
7000812 3 0.000146994
13603647 3 0.000146994
2012529 3 0.000146994
2804336 3 0.000110245
2022036 3 0.000110245
14116367 3 0.000110245
14113325 3 0.000110245
2019280 3 0.000110245
13603264 3 0.000110245
2010011 3 0.000110245
2044676 3 0.000110245
2906074 3 0.000110245
2000180 3 7.3497e-05
2062674 3 7.3497e-05
5105269 3 7.3497e-05
5007429 3 7.3497e-05
4653530 3 7.3497e-05
14201143 3 7.3497e-05
2806991 3 7.3497e-05
2011352 3 3.67485e-05
3900258 3 3.67485e-05
2043858 3 3.67485e-05
2057360 3 3.67485e-05
2013878 3 3.67485e-05
2060531 3 3.67485e-05
2005492 3 3.67485e-05
2008742 3 3.67485e-05
2017083 3 3.67485e-05
2026562 3 3.67485e-05
2022320 3 3.67485e-05
4626150 3 3.67485e-05
2018616 3 3.67485e-05
8603405 4 0.00312362
8603332 4 0.00253565
8601429 4 0.00238865
8602956 4 0.00198442
8601445 4 0.00191092
8603537 4 0.00172718
8602522 4 0.00150669
8602280 4 0.00139644
8604940 4 0.00135969
8608288 4 0.0012127
8601674 4 0.00110245
8605840 4 0.00102896
8601020 4 0.00102896
8603847 4 0.00102896
8603189 4 0.000992209
8603154 4 0.000955461
8603693 4 0.000955461
8602387 4 0.000881964
8602298 4 0.000845215
8607508 4 0.000808467
8608962 4 0.000771718
8605564 4 0.00073497
8601160 4 0.000698221
8603928 4 0.000698221
8603090 4 0.000587976
8603901 4 0.000587976
8600678 4 0.000587976
8603294 4 0.000551227
8608156 4 0.000551227
8610550 4 0.00047773
8606021 4 0.000440982
8608547 4 0.000330736
8600031 4 0.000330736
8607206 4 0.000293988
2008564 4 0.000220491
8604746 4 0.000183742
13500520 4 0.000183742
8609357 4 0.000110245
8614733 4 0.000110245
8600953 4 7.3497e-05
8605750 4 3.67485e-05
8600660 4 3.67485e-05
8600015 4 3.67485e-05
5200750 4 3.67485e-05
14907526 5 0.00154344
304760 5 0.00143319
300071 5 0.00135969
325740 5 0.00124945
307165 5 0.00110245
301264 5 0.00102896
311707 5 0.000992209
322156 5 0.000955461
14918781 5 0.000918712
14108801 5 0.000881964
14907445 5 0.000845215
307424 5 0.000808467
318299 5 0.000808467
14901625 5 0.000698221
300659 5 0.000661473
14900017 5 0.000661473
315303 5 0.000661473
14907518 5 0.000624724
330027 5 0.000624724
319996 5 0.000624724
300560 5 0.000587976
1111078 5 0.000587976
331708 5 0.000551227
14915650 5 0.000514479
14909332 5 0.000514479
305243 5 0.000514479
358878 5 0.000514479
300306 5 0.000514479
322121 5 0.00047773
14928752 5 0.000440982
14926970 5 0.000440982
300535 5 0.000404233
14923432 5 0.000404233
311995 5 0.000404233
14909090 5 0.000404233
11600098 5 0.000367485
322202 5 0.000330736
303224 5 0.000330736
349658 5 0.000330736
14900734 5 0.000330736
325511 5 0.000293988
300101 5 0.000293988
710458 5 0.000257239
316210 5 0.000220491
14903474 5 0.000220491
319902 5 0.000220491
313874 5 0.000220491
308633 5 0.000220491
1121499 5 0.000183742
14900092 5 0.000183742
300160 5 0.000183742
4637143 5 0.000146994
14900025 5 0.000146994
1122428 5 0.000110245
700479 5 0.000110245
311731 5 0.000110245
302759 5 0.000110245
14900475 5 7.3497e-05
311111 5 7.3497e-05
14903563 5 7.3497e-05
303739 5 7.3497e-05
303445 5 7.3497e-05
323551 5 7.3497e-05
4134494 5 3.67485e-05
4211626 5 3.67485e-05
1120042 5 3.67485e-05
305782 5 3.67485e-05
14900483 5 3.67485e-05
300756 5 3.67485e-05
912417 6 0.00169043
900290 6 0.00132295
920479 6 0.0012862
900125 6 0.0012127
921629 6 0.0012127
911925 6 0.0012127
922900 6 0.0011392
921637 6 0.00106571
901172 6 0.000918712
903124 6 0.000845215
916358 6 0.000808467
927031 6 0.000771718
14400014 6 0.000771718
921610 6 0.000698221
934526 6 0.000698221
915483 6 0.000661473
931152 6 0.000624724
913723 6 0.000587976
14401487 6 0.000551227
922412 6 0.000551227
901504 6 0.000551227
4203380 6 0.000551227
900885 6 0.000514479
906379 6 0.000514479
900206 6 0.00047773
922692 6 0.000440982
916412 6 0.000404233
912336 6 0.000404233
901008 6 0.000404233
912123 6 0.000367485
900397 6 0.000367485
901776 6 0.000330736
900389 6 0.000330736
921815 6 0.000293988
900168 6 0.000293988
922277 6 0.000257239
944335 6 0.000257239
950122 6 0.000220491
901679 6 0.000220491
900788 6 0.000220491
904279 6 0.000183742
8604398 6 0.000183742
943746 6 0.000146994
902098 6 0.000146994
919993 6 0.000146994
14400596 6 0.000146994
922722 6 0.000110245
922641 6 0.000110245
35007394 6 0.000110245
937614 6 0.000110245
938190 6 0.000110245
940313 6 0.000110245
914517 6 0.000110245
904287 6 0.000110245
5008980 6 0.000110245
25089544 6 0.000110245
901318 6 7.3497e-05
900214 6 7.3497e-05
900095 6 7.3497e-05
900087 6 7.3497e-05
925071 6 3.67485e-05
929310 6 3.67485e-05
916390 6 3.67485e-05
901890 6 3.67485e-05
901792 6 3.67485e-05
4600177 6 3.67485e-05
901490 6 3.67485e-05
14101068 6 3.67485e-05
14401401 6 3.67485e-05
1112635 7 0.00224166
1130420 7 0.00169043
1116207 7 0.00139644
1132253 7 0.00135969
1107038 7 0.0012862
1110381 7 0.00117595
1111914 7 0.0011392
1134167 7 0.0011392
1105663 7 0.00110245
1124668 7 0.00106571
1113100 7 0.000881964
1115120 7 0.000808467
1112848 7 0.000698221
4202694 7 0.000698221
1126822 7 0.000661473
1132717 7 0.000624724
1108760 7 0.000624724
1130170 7 0.000551227
1119966 7 0.000514479
1122401 7 0.000514479
1112953 7 0.00047773
1102222 7 0.000440982
1121251 7 0.000440982
1101684 7 0.000404233
1124552 7 0.000404233
1122452 7 0.000404233
1121219 7 0.000367485
1119290 7 0.000367485
1106880 7 0.000367485
14101696 7 0.000330736
1129775 7 0.000330736
1105680 7 0.000330736
1124226 7 0.000257239
1124480 7 0.000220491
1133950 7 0.000220491
1103261 7 0.000183742
1160664 7 0.000146994
1119125 7 0.000146994
14100177 7 0.000146994
1106236 7 0.000146994
1132199 7 0.000110245
1139703 7 0.000110245
1100750 7 0.000110245
14102234 7 0.000110245
14122480 7 0.000110245
1159259 7 7.3497e-05
1171097 7 7.3497e-05
1112228 7 7.3497e-05
14100584 7 7.3497e-05
1109057 7 7.3497e-05
1131710 7 3.67485e-05
1126687 7 3.67485e-05
1188062 7 3.67485e-05
2300010 7 3.67485e-05
1114115 7 3.67485e-05
14103516 7 3.67485e-05
112275 8 0.00187417
110973 8 0.00139644
108049 8 0.00135969
3000010 8 0.00132295
117927 8 0.00124945
3800024 8 0.00117595
3700488 8 0.000992209
3503631 8 0.000808467
100250 8 0.000771718
100587 8 0.00073497
116807 8 0.000698221
2103877 8 0.000624724
2107660 8 0.000587976
3409350 8 0.000551227
107069 8 0.000551227
108154 8 0.000514479
3407128 8 0.000514479
105198 8 0.000514479
3700267 8 0.000514479
121576 8 0.00047773
2117568 8 0.00047773
2109450 8 0.00047773
113433 8 0.000440982
114286 8 0.000440982
111724 8 0.000404233
2115824 8 0.000367485
113816 8 0.000330736
3000028 8 0.000330736
2100169 8 0.000330736
108634 8 0.000293988
3400042 8 0.000293988
124311 8 0.000293988
103560 8 0.000293988
2101246 8 0.000293988
2105446 8 0.000293988
109746 8 0.000257239
105570 8 0.000220491
173444 8 0.000220491
100340 8 0.000220491
2021030 8 0.000220491
2106388 8 0.000183742
2106981 8 0.000146994
5100011 8 0.000146994
3405400 8 0.000146994
103411 8 0.000146994
2100029 8 0.000110245
2209381 8 0.000110245
3406903 8 0.000110245
2103400 8 7.3497e-05
2100045 8 7.3497e-05
3403874 8 7.3497e-05
3406342 8 7.3497e-05
103250 8 7.3497e-05
100196 8 7.3497e-05
2100010 8 3.67485e-05
117234 8 3.67485e-05
113581 8 3.67485e-05
113522 8 3.67485e-05
111651 8 3.67485e-05
104019 8 3.67485e-05
5027330 8 3.67485e-05
14507927 9 0.00202117
14502879 9 0.00172718
14506688 9 0.0012862
14500116 9 0.00124945
930849 9 0.00117595
14502569 9 0.00110245
14505959 9 0.000881964
14500310 9 0.000845215
14505320 9 0.000845215
14500086 9 0.000845215
14506254 9 0.000808467
14509792 9 0.000808467
14506661 9 0.000698221
14504081 9 0.000624724
4128737 9 0.000587976
14400057 9 0.000514479
14602296 9 0.000514479
14600684 9 0.000514479
14502712 9 0.000514479
1634852 9 0.000440982
705713 9 0.000404233
14500299 9 0.000330736
14400049 9 0.000293988
14500450 9 0.000257239
14504804 9 0.000220491
4646258 9 0.000220491
14531534 9 0.000183742
14500094 9 0.000183742
14505207 9 0.000183742
4614950 9 0.000183742
14604299 9 0.000183742
14506157 9 0.000146994
14500213 9 0.000110245
14500205 9 7.3497e-05
916080 9 7.3497e-05
14506947 9 7.3497e-05
14502275 9 3.67485e-05
14500760 9 3.67485e-05
14500442 9 3.67485e-05
14500078 9 3.67485e-05
14402661 9 3.67485e-05
828688 9 3.67485e-05
14608162 9 3.67485e-05
15000796 9 3.67485e-05
5021596 10 0.00227841
5010608 10 0.00172718
5024595 10 0.00150669
5074452 10 0.00106571
5011132 10 0.000992209
5024854 10 0.000881964
5008352 10 0.000881964
5019184 10 0.000808467
5072786 10 0.000808467
5058422 10 0.000698221
5002265 10 0.000624724
5019141 10 0.000587976
5024218 10 0.000587976
5018226 10 0.000514479
5005361 10 0.00047773
5021103 10 0.00047773
5045185 10 0.00047773
5030692 10 0.00047773
5004225 10 0.000440982
5028183 10 0.000440982
5018420 10 0.000367485
5018277 10 0.000330736
5003610 10 0.000330736
5005370 10 0.000293988
5037883 10 0.000293988
5003512 10 0.000257239
5029104 10 0.000257239
5045207 10 0.000220491
5005507 10 0.000183742
5005779 10 0.000183742
5009154 10 0.000146994
5015693 10 0.000146994
5004195 10 0.000146994
5024366 10 0.000146994
25012223 10 0.000146994
4901541 10 0.000110245
5053196 10 0.000110245
5001668 10 0.000110245
5029317 10 7.3497e-05
5011167 10 7.3497e-05
5007836 10 7.3497e-05
5004306 10 3.67485e-05
5089000 10 3.67485e-05
25004964 10 3.67485e-05
35093487 10 3.67485e-05
1000268 11 0.00231516
1017063 11 0.00187417
1039784 11 0.00172718
1007998 11 0.00110245
14400030 11 0.000808467
1013068 11 0.00073497
1008013 11 0.00073497
1004689 11 0.000698221
1010697 11 0.000698221
1030108 11 0.000661473
1020854 11 0.000587976
1001302 11 0.000551227
1003720 11 0.000514479
1008439 11 0.00047773
1000012 11 0.000440982
1000063 11 0.000404233
1007246 11 0.000367485
1040634 11 0.000367485
13601741 11 0.000330736
4101685 11 0.000330736
1006088 11 0.000330736
1010891 11 0.000330736
1019554 11 0.000293988
1039792 11 0.000293988
1019716 11 0.000293988
4100972 11 0.000257239
1048104 11 0.000257239
1003623 11 0.000220491
4617495 11 0.000220491
1007092 11 0.000220491
1018400 11 0.000220491
1000080 11 0.000183742
1005030 11 0.000183742
4650905 11 0.000183742
1010824 11 0.000146994
1025007 11 0.000110245
1011480 11 0.000110245
1048333 11 0.000110245
1004816 11 0.000110245
405248 11 7.3497e-05
1000250 11 7.3497e-05
1046730 11 7.3497e-05
1038257 11 3.67485e-05
1010972 11 3.67485e-05
1632051 11 3.67485e-05
4601297 11 3.67485e-05
4614054 11 3.67485e-05
5007844 11 3.67485e-05
1003992 11 3.67485e-05
204412 11 3.67485e-05
11601388 12 0.00150669
4500261 12 0.00150669
11602740 12 0.00102896
12800040 12 0.000992209
11600136 12 0.000955461
11602945 12 0.000918712
13501720 12 0.000845215
4500016 12 0.000808467
4500024 12 0.000808467
4501047 12 0.000698221
4500105 12 0.000698221
12803731 12 0.000661473
12800112 12 0.000514479
4500547 12 0.000514479
503142 12 0.00047773
4113217 12 0.00047773
11600748 12 0.000440982
11600357 12 0.000440982
501840 12 0.000404233
12804444 12 0.000330736
501115 12 0.000293988
4501950 12 0.000293988
12800031 12 0.000293988
502081 12 0.000293988
4143256 12 0.000220491
4102924 12 0.000220491
505170 12 0.000220491
4114515 12 0.000183742
505455 12 0.000183742
12809390 12 0.000183742
11600349 12 0.000146994
4157052 12 0.000110245
11601426 12 7.3497e-05
4102266 12 7.3497e-05
2300028 12 7.3497e-05
12800120 12 7.3497e-05
12802085 12 7.3497e-05
13500023 12 7.3497e-05
4501101 12 7.3497e-05
4500075 12 3.67485e-05
4500490 12 3.67485e-05
4126297 12 3.67485e-05
11602112 12 3.67485e-05
2206609 12 3.67485e-05
12802204 12 3.67485e-05
12802476 12 3.67485e-05
13600966 13 0.00176393
13602071 13 0.00154344
6302718 13 0.00132295
14116731 13 0.000881964
13603086 13 0.000771718
13602250 13 0.00073497
6302181 13 0.00073497
13400304 13 0.000698221
916811 13 0.000661473
13602934 13 0.000551227
13602608 13 0.000551227
13602276 13 0.000551227
13402390 13 0.00047773
13402960 13 0.000440982
6302114 13 0.000440982
6300634 13 0.000404233
13403028 13 0.000367485
13601784 13 0.000367485
6304990 13 0.000330736
6305962 13 0.000330736
14000563 13 0.000330736
13601652 13 0.000330736
6301495 13 0.000293988
6305881 13 0.000257239
13602543 13 0.000257239
5061245 13 0.000220491
13400819 13 0.000220491
13400312 13 0.000183742
13405764 13 0.000183742
13603078 13 0.000146994
13604597 13 0.000146994
14104466 13 0.000146994
13500481 13 0.000110245
13404938 13 0.000110245
6300014 13 0.000110245
13603027 13 0.000110245
6349196 13 0.000110245
13600133 13 7.3497e-05
13403036 13 7.3497e-05
13401416 13 7.3497e-05
1007238 13 7.3497e-05
14000091 13 7.3497e-05
14100134 13 7.3497e-05
13413007 13 3.67485e-05
5033861 13 3.67485e-05
4102622 13 3.67485e-05
13611216 13 3.67485e-05
13611860 13 3.67485e-05
719978 14 0.00124945
722413 14 0.00117595
700509 14 0.00110245
705268 14 0.000955461
718572 14 0.000955461
720852 14 0.000881964
700118 14 0.00073497
728012 14 0.00073497
1203975 14 0.000698221
712779 14 0.000661473
718602 14 0.000661473
727709 14 0.000624724
900346 14 0.000551227
708003 14 0.000551227
700061 14 0.00047773
728446 14 0.00047773
726265 14 0.000404233
720232 14 0.000330736
708402 14 0.000293988
751499 14 0.000257239
737119 14 0.000257239
700053 14 0.000220491
722901 14 0.000220491
716855 14 0.000220491
730165 14 0.000220491
706671 14 0.000220491
1205064 14 0.000220491
700134 14 0.000220491
4100590 14 0.000183742
719030 14 0.000183742
731595 14 0.000183742
4611420 14 0.000146994
707244 14 0.000110245
742910 14 0.000110245
5800706 14 0.000110245
1141686 14 0.000110245
1227190 14 7.3497e-05
5012600 14 7.3497e-05
753246 14 3.67485e-05
725323 14 3.67485e-05
2805359 14 3.67485e-05
721506 14 3.67485e-05
720631 14 3.67485e-05
4651324 14 3.67485e-05
4900782 14 3.67485e-05
708020 14 3.67485e-05
702234 14 3.67485e-05
14608502 14 3.67485e-05
13302000 15 0.0024254
13301616 15 0.00154344
13301004 15 0.00132295
13303732 15 0.00132295
13302507 15 0.0011392
13302531 15 0.00102896
13302639 15 0.000808467
13300857 15 0.000771718
13301993 15 0.000771718
13303635 15 0.000771718
13306677 15 0.000661473
13301578 15 0.000587976
13306553 15 0.000551227
13306766 15 0.000551227
13304852 15 0.000514479
13301250 15 0.00047773
13300873 15 0.000293988
13304380 15 0.000293988
13302191 15 0.000257239
13303139 15 0.000257239
13300717 15 0.000110245
13303678 15 0.000110245
4681932 15 7.3497e-05
13300040 15 7.3497e-05
13302841 15 7.3497e-05
14102536 16 0.00213141
633429 16 0.00213141
603767 16 0.00143319
662399 16 0.0012127
642908 16 0.000881964
13301527 16 0.00073497
613762 16 0.000661473
620084 16 0.000661473
609404 16 0.000624724
642274 16 0.000587976
600270 16 0.000514479
616915 16 0.00047773
13400363 16 0.000440982
22291482 16 0.000367485
9000011 16 0.000367485
4107730 16 0.000367485
696358 16 0.000367485
611190 16 0.000330736
616834 16 0.000293988
627089 16 0.000293988
2800039 16 0.000293988
634654 16 0.000220491
665274 16 0.000220491
628050 16 0.000183742
662569 16 0.000146994
663727 16 0.000146994
655830 16 0.000110245
615013 16 0.000110245
600164 16 0.000110245
600075 16 0.000110245
632023 16 7.3497e-05
4901134 16 3.67485e-05
622591 16 3.67485e-05
200930 16 3.67485e-05
1709437 17 0.0012862
1700812 17 0.0012862
12800023 17 0.00110245
1707930 17 0.000808467
1700090 17 0.000808467
1413864 17 0.000771718
1706993 17 0.00073497
1704060 17 0.000587976
1406000 17 0.000587976
1706446 17 0.000587976
1401378 17 0.000514479
1701754 17 0.00047773
1400266 17 0.000404233
1705814 17 0.000404233
7200595 17 0.000367485
1700120 17 0.000367485
1700219 17 0.000330736
14104369 17 0.000330736
1400070 17 0.000330736
1403613 17 0.000293988
1438832 17 0.000293988
1705024 17 0.000257239
1700146 17 0.000257239
1700537 17 0.000257239
1413767 17 0.000220491
1407767 17 0.000220491
1404210 17 0.000220491
1416928 17 0.000220491
1711113 17 0.000183742
1407970 17 0.000146994
1707833 17 0.000110245
1444948 17 0.000110245
1700359 17 0.000110245
24624322 17 7.3497e-05
1701185 17 7.3497e-05
1700057 17 7.3497e-05
1708376 17 7.3497e-05
1402340 17 7.3497e-05
6900224 17 7.3497e-05
1400150 17 7.3497e-05
1400061 17 7.3497e-05
1100106 17 7.3497e-05
1700251 17 3.67485e-05
1701975 17 3.67485e-05
1401815 17 3.67485e-05
1713230 17 3.67485e-05
900133 17 3.67485e-05
409561 18 0.00260914
410608 18 0.00205792
412686 18 0.000845215
400270 18 0.000808467
400084 18 0.000698221
404454 18 0.000698221
406465 18 0.000698221
409081 18 0.000514479
409200 18 0.00047773
400327 18 0.000440982
403989 18 0.000367485
4117301 18 0.000330736
2501198 18 0.000293988
723762 18 0.000293988
402893 18 0.000257239
3206882 18 0.000257239
407372 18 0.000257239
400033 18 0.000183742
400173 18 0.000183742
5018625 18 0.000183742
406252 18 0.000183742
468584 18 0.000183742
411477 18 0.000183742
5801605 18 0.000146994
400203 18 0.000146994
418811 18 0.000146994
412384 18 0.000110245
412120 18 0.000110245
400017 18 0.000110245
408514 18 0.000110245
2400030 18 0.000110245
400254 18 0.000110245
415820 18 7.3497e-05
2400561 18 7.3497e-05
2501430 18 7.3497e-05
12800724 18 7.3497e-05
405817 18 3.67485e-05
1800949 18 3.67485e-05
404748 18 3.67485e-05
3202305 18 3.67485e-05
403512 18 3.67485e-05
400629 18 3.67485e-05
400165 18 3.67485e-05
35018701 18 3.67485e-05
105309 19 0.00117595
2201500 19 0.0011392
3800229 19 0.00106571
2270544 19 0.00073497
3508129 19 0.000624724
2260735 19 0.000624724
2212943 19 0.000624724
3500799 19 0.000514479
13301152 19 0.00047773
2252627 19 0.00047773
3502856 19 0.000440982
2203138 19 0.000404233
22235256 19 0.000367485
2288230 19 0.000367485
2268809 19 0.000367485
4401190 19 0.000367485
3507777 19 0.000330736
2260409 19 0.000330736
13601865 19 0.000330736
2226332 19 0.000293988
3802124 19 0.000257239
2216019 19 0.000257239
2212501 19 0.000220491
3800296 19 0.000220491
2278189 19 0.000220491
2205092 19 0.000183742
2204100 19 0.000183742
2214334 19 0.000146994
2203146 19 0.000146994
5101174 19 0.000146994
3900410 19 0.000110245
4181247 19 0.000110245
2261090 19 0.000110245
4403177 19 0.000110245
3508455 19 0.000110245
2200074 19 0.000110245
14100100 19 0.000110245
2268795 19 7.3497e-05
2217880 19 7.3497e-05
2200589 19 7.3497e-05
3400034 19 3.67485e-05
2296276 19 3.67485e-05
3507610 19 3.67485e-05
2266237 19 3.67485e-05
2260867 19 3.67485e-05
3802299 19 3.67485e-05
3902463 19 3.67485e-05
2208598 19 3.67485e-05
2205009 19 3.67485e-05
2201224 19 3.67485e-05
2200694 19 3.67485e-05
2200325 19 3.67485e-05
2007304 19 3.67485e-05
101648 19 3.67485e-05
12500739 20 0.00202117
12539929 20 0.00191092
12573981 20 0.0012862
12510130 20 0.000918712
12502200 20 0.000808467
12511099 20 0.00073497
12511412 20 0.00073497
12519278 20 0.00073497
12521213 20 0.000698221
12521604 20 0.00047773
12513342 20 0.000367485
12528846 20 0.000330736
12510670 20 0.000257239
14114089 20 0.000183742
12514195 20 0.000146994
12503592 20 0.000110245
12505269 20 0.000110245
14205483 20 0.000110245
12500607 20 7.3497e-05
12505684 20 3.67485e-05
4000013 21 0.00139644
813613 21 0.00106571
817570 21 0.000918712
813192 21 0.000808467
800090 21 0.000771718
818860 21 0.000624724
865834 21 0.000551227
866970 21 0.000514479
801038 21 0.00047773
895733 21 0.00047773
800511 21 0.000367485
4101715 21 0.000330736
815837 21 0.000330736
827061 21 0.000293988
813575 21 0.000257239
110124 21 0.000257239
806463 21 0.000183742
15002187 21 0.000183742
834580 21 0.000146994
811416 21 0.000110245
4103416 21 0.000110245
13600095 21 0.000110245
810894 21 7.3497e-05
14121379 21 7.3497e-05
15000206 21 7.3497e-05
15000257 21 7.3497e-05
884189 21 3.67485e-05
2900360 21 3.67485e-05
806404 21 3.67485e-05
805475 21 3.67485e-05
4200020 21 3.67485e-05
3801497 22 0.00106571
3507165 22 0.00102896
3504727 22 0.000808467
3503321 22 0.00073497
3507416 22 0.000624724
3507904 22 0.000551227
3509362 22 0.000551227
3507408 22 0.000514479
3507424 22 0.000514479
3508811 22 0.000514479
3503313 22 0.000440982
3504379 22 0.000367485
3503186 22 0.000330736
3507815 22 0.000257239
3510697 22 0.000220491
3518736 22 0.000220491
4401824 22 0.000220491
3500160 22 0.000146994
3507548 22 0.000146994
3506231 22 0.000110245
3509265 22 0.000110245
4402669 22 0.000110245
4403940 22 0.000110245
3520773 22 7.3497e-05
4442024 22 7.3497e-05
2253488 22 3.67485e-05
3500055 22 3.67485e-05
3504301 22 3.67485e-05
4404025 22 3.67485e-05
5105048 22 3.67485e-05
1204297 23 0.0012127
1207822 23 0.00110245
1200372 23 0.000918712
1205730 23 0.000918712
13500465 23 0.000845215
1226380 23 0.000771718
13900200 23 0.00047773
14105500 23 0.000330736
1200020 23 0.000293988
1213300 23 0.000293988
1201530 23 0.000257239
1208110 23 0.000257239
1210920 23 0.000220491
1213415 23 0.000146994
717312 23 0.000110245
1204920 23 0.000110245
1208900 23 0.000110245
1213741 23 0.000110245
1206370 23 7.3497e-05
1210319 23 7.3497e-05
1210610 23 7.3497e-05
1217518 23 7.3497e-05
5023335 23 7.3497e-05
14113210 23 7.3497e-05
620246 23 3.67485e-05
1200062 23 3.67485e-05
1200089 23 3.67485e-05
1203509 23 3.67485e-05
1210750 23 3.67485e-05
13503758 24 0.00150669
14100371 24 0.0011392
14115298 24 0.000808467
4105109 24 0.000514479
4121341 24 0.00047773
14109476 24 0.000367485
4101286 24 0.000330736
14100150 24 0.000330736
14120836 24 0.000330736
4117182 24 0.000220491
14108640 24 0.000183742
14700247 24 0.000110245
24684074 24 0.000110245
13501429 24 7.3497e-05
14100053 24 7.3497e-05
14100983 24 7.3497e-05
14102340 24 7.3497e-05
14104385 24 7.3497e-05
14118122 24 7.3497e-05
14129850 24 7.3497e-05
25002767 24 7.3497e-05
4694031 24 3.67485e-05
5092442 24 3.67485e-05
13701100 24 3.67485e-05
13703706 24 3.67485e-05
14104059 24 3.67485e-05
14107945 24 3.67485e-05
14140063 24 3.67485e-05
2900017 25 0.00169043
2908549 25 0.000661473
2900041 25 0.000587976
2905710 25 0.000587976
2900440 25 0.000514479
2901188 25 0.00047773
2905434 25 0.00047773
2907712 25 0.000440982
2901773 25 0.000404233
2907127 25 0.000367485
2905418 25 0.000220491
2900394 25 0.000183742
2903261 25 0.000183742
2900092 25 7.3497e-05
2911086 25 7.3497e-05
24114928 25 7.3497e-05
2900106 25 3.67485e-05
2900149 25 3.67485e-05
2900424 25 3.67485e-05
2901390 25 3.67485e-05
2906597 25 3.67485e-05
2910110 25 3.67485e-05
1503707 26 0.00146994
1506102 26 0.000881964
1500015 26 0.000624724
1512668 26 0.000440982
1501100 26 0.000330736
1501984 26 0.000293988
1502611 26 0.000293988
1506536 26 0.000293988
1500058 26 0.000257239
1508083 26 0.000257239
4120086 26 0.000257239
1500082 26 0.000220491
1509276 26 0.000183742
1501674 26 0.000110245
1509500 26 0.000110245
405094 26 7.3497e-05
1500031 26 7.3497e-05
1512633 26 7.3497e-05
4151933 26 7.3497e-05
1501720 26 3.67485e-05
1506331 26 3.67485e-05
1509268 26 3.67485e-05
1516647 26 3.67485e-05
4120876 26 3.67485e-05
1301837 27 0.000918712
1300113 27 0.000845215
4692055 27 0.000514479
1319620 27 0.000440982
916366 27 0.000367485
1308173 27 0.000330736
24624632 27 0.000293988
1303422 27 0.000257239
4642325 27 0.000183742
1305239 27 0.000146994
1314530 27 0.000146994
4600010 27 0.000146994
20657307 27 0.000146994
1300040 27 0.000110245
1301764 27 0.000110245
4600118 27 0.000110245
4618777 27 0.000110245
600040 27 7.3497e-05
605590 27 7.3497e-05
1304232 27 7.3497e-05
1304364 27 7.3497e-05
11600314 27 7.3497e-05
1300024 27 3.67485e-05
12401820 28 0.000551227
5200016 28 0.000404233
5201330 28 0.000404233
5201381 28 0.000404233
12401269 28 0.000404233
12401358 28 0.000404233
5203953 28 0.000330736
12401064 28 0.000293988
5201110 28 0.000257239
5200032 28 0.000220491
5201640 28 0.000220491
701254 28 0.000183742
5200059 28 0.000183742
5202248 28 0.000183742
725056 28 0.000146994
5201241 28 0.000146994
12404675 28 0.000146994
8600694 28 0.000110245
12400084 28 0.000110245
8609497 28 7.3497e-05
700363 28 3.67485e-05
4300904 28 3.67485e-05
5206995 28 3.67485e-05
12400076 28 3.67485e-05
2804344 29 0.00246215
2809052 29 0.000698221
2809958 29 0.000404233
2804158 29 0.000220491
2800055 29 0.000183742
2801795 29 0.000146994
2812320 29 0.000146994
2804140 29 0.000110245
24101940 29 7.3497e-05
2800705 29 3.67485e-05
2810301 29 3.67485e-05
2813416 29 3.67485e-05
4651340 30 0.00073497
1621645 30 0.000440982
1612468 30 0.000404233
1618423 30 0.000367485
13601270 30 0.000367485
1602829 30 0.000293988
1606212 30 0.000220491
1613880 30 0.000220491
1616773 30 0.000220491
14501228 30 0.000220491
1601776 30 0.000183742
4671910 30 0.000183742
14501520 30 0.000110245
24615137 30 0.000110245
1602560 30 7.3497e-05
4612396 30 7.3497e-05
4636945 30 7.3497e-05
14500124 30 7.3497e-05
1600087 30 3.67485e-05
1606310 30 3.67485e-05
4623169 30 3.67485e-05
4699033 30 3.67485e-05
11600047 30 3.67485e-05
14104555 31 0.000698221
24171735 31 0.00047773
4195540 31 0.000404233
4105257 31 0.000330736
4131045 31 0.000330736
900460 31 0.000293988
4121848 31 0.000220491
14001128 31 0.000220491
4101332 31 0.000183742
14101076 31 0.000183742
14103400 31 0.000183742
4117328 31 0.000146994
4101405 31 0.000110245
24180327 31 0.000110245
4626605 31 7.3497e-05
13300393 31 7.3497e-05
14001101 31 7.3497e-05
14111110 31 3.67485e-05
4100026 32 0.000661473
4100263 32 0.00047773
603252 32 0.000404233
4100638 32 0.000367485
14602377 32 0.000293988
14102196 32 0.000257239
14129574 32 0.000257239
900010 32 0.000220491
300128 32 0.000146994
14100088 32 0.000146994
700010 32 0.000110245
13300016 32 7.3497e-05
24113433 32 7.3497e-05
4100603 32 3.67485e-05
4105567 32 3.67485e-05
6336760 32 3.67485e-05
13500066 32 3.67485e-05
3208923 33 0.000587976
4143183 33 0.000587976
4300033 33 0.000514479
3202534 33 0.000293988
3205207 33 0.000293988
13405209 33 0.000257239
3205800 33 0.000220491
3204405 33 0.000183742
3204731 33 0.000183742
14203049 33 0.000110245
3200035 33 7.3497e-05
14104202 34 0.000624724
208027 34 0.000404233
13300865 34 0.000330736
203882 34 0.000293988
7900872 34 0.000293988
30901561 34 0.000257239
2033801 34 0.000183742
202967 34 0.000146994
2034239 34 0.000146994
203866 34 0.000110245
200778 34 7.3497e-05
2008424 34 7.3497e-05
14101262 34 7.3497e-05
240990 34 3.67485e-05
2900211 34 3.67485e-05
4125282 34 3.67485e-05
10600906 34 3.67485e-05
30909694 34 3.67485e-05
2301318 35 0.000514479
2300087 35 0.000440982
1400185 35 0.000404233
2300958 35 0.000367485
2300044 35 0.000293988
2300117 35 0.000293988
2302241 35 0.000257239
2300109 35 0.000183742
2300982 35 0.000146994
1407341 35 7.3497e-05
2300036 35 7.3497e-05
2300699 35 7.3497e-05
4201809 36 0.00047773
4201990 36 0.000440982
4202031 36 0.000440982
4201345 36 0.000293988
5900212 36 0.000293988
4202139 36 0.000257239
4203445 36 0.000257239
4212312 36 0.000257239
4262875 36 0.000110245
927570 36 7.3497e-05
4200438 36 7.3497e-05
4215079 36 7.3497e-05
13900463 37 0.00102896
3503054 37 0.000330736
13902393 37 0.000330736
2255570 37 0.000293988
13900790 37 0.000220491
14114330 37 0.000220491
408638 37 0.000110245
13900897 37 0.000110245
2221799 37 7.3497e-05
13900889 37 7.3497e-05
13600052 37 3.67485e-05
13700316 38 0.000661473
13701703 38 0.00047773
14201801 38 0.000440982
13700669 38 0.000330736
13701525 38 0.000330736
13701568 38 0.000183742
14200988 38 0.000146994
14200082 38 0.000110245
13702467 38 7.3497e-05
14700077 39 0.000955461
14116502 39 0.000551227
14114470 39 0.000330736
7101384 39 0.000257239
14113171 39 0.000257239
25012215 39 0.000183742
14109468 39 7.3497e-05
5034426 39 3.67485e-05
7101554 39 3.67485e-05
3802272 40 0.00110245
3801969 40 0.000514479
3805662 40 0.000220491
3801934 40 0.000183742
3803457 40 0.000110245
3804623 40 7.3497e-05
3409422 40 3.67485e-05
3804399 40 3.67485e-05
3814017 40 3.67485e-05
10601619 41 0.000698221
14204118 41 0.000514479
14200236 41 0.000330736
14203987 41 0.000293988
14204223 41 0.000146994
10600140 41 7.3497e-05
14202131 41 7.3497e-05
14300249 41 7.3497e-05
2021722 42 0.00047773
13300440 42 0.000257239
13300512 42 0.000257239
2031280 42 0.000220491
5200156 42 0.000220491
2903024 42 0.000146994
2028581 42 7.3497e-05
2108356 42 7.3497e-05
24110760 42 7.3497e-05
2002035 42 3.67485e-05
2011271 42 3.67485e-05
4156803 43 0.000808467
2210622 43 0.000257239
3404650 43 0.000220491
4662997 43 0.000110245
24662259 43 0.000110245
2212072 43 3.67485e-05
2259532 43 3.67485e-05
2256444 44 0.000367485
2283352 44 0.000293988
900150 44 0.000183742
4162714 44 0.000146994
22275991 44 0.000110245
900516 44 7.3497e-05
2281228 44 7.3497e-05
4144031 44 7.3497e-05
22230858 44 7.3497e-05
10200037 45 0.00047773
10200010 45 0.000220491
10200444 45 0.000220491
10200649 45 0.000183742
10201955 45 0.000146994
4121260 45 7.3497e-05
10200207 45 3.67485e-05
4119932 46 0.000330736
4135202 46 0.000257239
4100484 46 0.000146994
4104358 46 0.000110245
5900727 46 0.000110245
14102811 46 0.000110245
2600013 47 0.000220491
1900030 47 0.000183742
1910850 47 0.000146994
100013 47 0.000110245
1119591 47 0.000110245
1900072 47 0.000110245
1900021 47 7.3497e-05
1917617 47 3.67485e-05
12909572 48 0.000514479
14101866 48 0.000110245
24614386 48 0.000110245
12908088 48 3.67485e-05
14102803 48 3.67485e-05
4122232 49 0.000440982
4116658 49 0.000110245
4122690 49 7.3497e-05
24198455 49 7.3497e-05
24168653 49 3.67485e-05
2293307 50 0.000404233
46616543 50 0.000110245
44155573 50 7.3497e-05
2214067 50 3.67485e-05
2221667 50 3.67485e-05
35028561 50 3.67485e-05
4128290 51 0.000330736
2600170 51 0.000146994
2604922 51 0.000110245
2603659 51 7.3497e-05
2806126 51 3.67485e-05
2811111 52 0.000220491
2801841 52 0.000183742
4100379 52 0.000183742
2807394 52 7.3497e-05
2800659 52 3.67485e-05
7900660 53 0.000257239
627143 53 0.000183742
681091 53 0.000110245
607274 53 3.67485e-05
10600183 53 3.67485e-05
4900847 54 0.000293988
4901266 54 0.000183742
4900880 54 7.3497e-05
1271703 55 0.000110245
4638905 55 7.3497e-05
4639057 55 7.3497e-05
14105454 55 7.3497e-05
4155890 55 3.67485e-05
24608904 55 3.67485e-05
4611799 56 0.000183742
4102541 56 7.3497e-05
4601475 56 7.3497e-05
4637321 56 3.67485e-05
12501891 56 3.67485e-05
717274 57 0.000220491
716219 57 3.67485e-05
726559 57 3.67485e-05
1618741 57 3.67485e-05
24124621 58 0.000183742
4134524 58 7.3497e-05
4184688 58 7.3497e-05
14102188 59 0.000146994
14114224 59 0.000110245
1126091 59 3.67485e-05
14119846 59 3.67485e-05
4400011 60 0.000146994
4400801 60 0.000110245
4403304 60 3.67485e-05
4607759 61 0.000110245
4601556 61 7.3497e-05
4613562 61 3.67485e-05
14113929 61 3.67485e-05
1405853 62 7.3497e-05
1406710 62 7.3497e-05
1400088 62 3.67485e-05
4663527 63 7.3497e-05
24638056 63 7.3497e-05
14600986 63 3.67485e-05
4659600 64 0.000146994
4620895 64 3.67485e-05
1300652 65 7.3497e-05
1300016 65 3.67485e-05
4600029 65 3.67485e-05
4101103 66 7.3497e-05
4131878 66 7.3497e-05
12100293 67 7.3497e-05
14000571 67 7.3497e-05
13600702 68 0.000110245
13502921 68 3.67485e-05
12000035 69 7.3497e-05
1602977 69 3.67485e-05
4611268 69 3.67485e-05
4655192 70 7.3497e-05
14200058 70 3.67485e-05
4136594 71 7.3497e-05
920576 71 3.67485e-05
32011601 72 7.3497e-05
2200066 72 3.67485e-05
2000091 73 7.3497e-05
2602504 73 3.67485e-05
14101440 74 7.3497e-05
200018 74 3.67485e-05
2000202 75 7.3497e-05
2015315 75 3.67485e-05
1011316 76 3.67485e-05
4600533 76 3.67485e-05
4130057 77 3.67485e-05
4164490 77 3.67485e-05
4600924 78 3.67485e-05
4609352 78 3.67485e-05
2800110 79 3.67485e-05
2803879 79 3.67485e-05
5702895 80 3.67485e-05
8605718 80 3.67485e-05
100072 81 3.67485e-05
2252813 81 3.67485e-05